0.050200931700034965
0.03633628450753331
0.028968661014654284
0.4285158434153547
0.02354287337603744
0.09659337762738826
0.08847746054729447
0.17553552334616113
0.036727370725021226
0.06947183108930037
0.5713603028814501
0.017987027781907944
0.05960464828348854
0.09853129793080727
0.05839300120113816
0.019007709900230322
0.03194102900435809
0.38244757750298114
0.06223140975772197
0.024943773768842204
0.024835944286843194
0.07776236202452466
0.027722919708292968
0.019408509503259876
0.39489021632738724
0.9106928613222398
0.04657355943184792
0.3143810163503043
0.022485527131609645
0.021857260413215274
0.029759363986107613
0.40368333377254295
0.023193376588045326
0.41609972729482414
0.018884231861344934
0.021012990923917646
0.018899404977235117
0.02790036065836469
0.02579478249414778
0.06169288640098013
0.08187135542840183
0.05782824242360217
0.01924772002074573
0.1030368363540235
0.03742473365539666
0.020727288202975716
0.10028018211337991
