0
0
0
0
0
0.6993974456499981
0.69857878708125
0.8838205278998164
0.7212158643879706
0.6965631453844052
0.8361150496252788
0.6965631453844049
0.6986781830261912
0.7309348441926338
0.8842264477095928
0.8116729678638944
0.8152777192908572
0.6998873977387617
0.6999999999999981
0.6998873977387617
0.7397662546549775
0.6976843100189033
0.8046440375830937
0.8623387756692515
0.9256693258570747
0.6965631453844043
0.6986781830261908
0.7309348441926334
0.8132225680678672
0.8623387756692515
0.8710827244814401
0.7591972283152769
0.8046419845893624
0.7086910432773271
0.7388941676081527
0.8218731950059949
0.8286704218503064
0.88696290316662
0.9184183792849078
0.9351322916260719
0.8344397250076584
0.6999999999999963
0.6983447913473744
0.8892724934730895
0.9141467902314406
0.9326879926226078
0.8418912432628403
0.8091142890542768
0.6999999999999958
