0
1.02458049887
1.95310657596
3.00970521542
4.06630385488
5.18693877551
6.30757369615
7.23609977324
8.16462585034
9.28526077098
10.4058956916
11.5265306122
12.6471655329
13.6077097506
14.5682539683
15.4967800454
16.4253061224
17.3858503401
18.3463945578
19.4670294785
20.5876643991
21.5161904762
22.4447165533
23.5653514739
24.6859863946
25.8066213152
26.9272562358
27.8557823129
28.78430839
29.9049433107
31.0255782313
31.9541043084
32.8826303855
33.8751927438
34.867755102
35.9883900227
37.1090249433
38.0375510204
38.9660770975
39.8946031746
40.8231292517
41.9437641723
43.064399093
43.9929251701
44.9214512472
46.0420861678
47.1627210884
48.0912471655
